-0.317,-0.695,0.478; -0.3151,-0.6910,0.4765; success
-0.297,-0.705,0.475; -0.2998,-0.7057,0.4755; success
-0.296,-0.695,0.481; -0.2949,-0.6910,0.4804; success
-0.285,-0.692,0.475; -0.2842,-0.6922,0.4740; success
-0.289,-0.692,0.474; -0.2935,-0.6922,0.4735; success   30.46  46.41
-0.302,-0.684,0.473; -0.3005,-0.6832,0.4727; success   29.24  46.19
-0.311,-0.685,0.470; -0.3093,-0.6879,0.4686; success   31.45  48.60
-0.295,-0.696,0.454; -0.2959,-0.6988,0.4559; success   total 66.22(ML)
-0.312,-0.692,0.456; -0.3137,-0.6934,0.4554; success   total 75(ML)
-0.285,-0.694,0.455; -0.2854,-0.6913,0.4554; success   total 72.66(ML)
